lastAccountName: hipppie125
timestamps:
  login: 1477741954624
  logout: 1477742115840
ipAddress: 127.0.0.1
logoutlocation:
  world: world
  x: -625.1421705974993
  y: 94.0
  z: -67.76239824936225
  yaw: 31.196915
  pitch: 9.899991
